# VERSION_PHOTOMETRY:  luigi 
# SNANA_VERSION: v12_01c-12-g7cbed38f 
# TABLE_NAME:    FITRES 
# 
VARNAMES:  CID IDSURVEY TYPE FIELD CUTFLAG_SNANA ERRFLAG_FIT RA DEC zHEL zHELERR zCMB zCMBERR zHD zHDERR VPEC VPECERR LENSDMU LENSDMUERR MWEBV HOST_LOGMASS HOST_LOGMASS_ERR HOST_LOGSFR HOST_LOGSFR_ERR HOST_LOGsSFR HOST_LOGsSFR_ERR HOST_COLOR HOST_COLOR_ERR HOST_MAG_u HOST_MAG_g HOST_MAG_r HOST_MAG_i HOST_MAG_z HOST_MAGERR_u HOST_MAGERR_g HOST_MAGERR_r HOST_MAGERR_i HOST_MAGERR_z PKMJDINI SNRMAX1 SNRMAX2 SNRMAX3 SNRSUM BANDLIST PKMJD PKMJDERR x1 x1ERR c cERR mB mBERR x0 x0ERR COV_x1_c COV_x1_x0 COV_c_x0 NDOF FITCHI2 FITPROB RADIUS_POP SIM_GENTYPE SIM_TEMPLATE_INDEX SIM_LIBID SIM_NGEN_LIBID SIM_ZCMB SIM_ZHOST_MATCH SIM_ZFLAG SIM_VPEC SIM_DLMAG SIM_LENSDMU SIM_PEAKMJD SIM_WGT_POP SIM_x1 SIM_c SIM_alpha SIM_beta SIM_gammaDM SIM_x0 SIM_mB SIM_AV SIM_RV 
#
SN: 7 1 1 82N 3 0 -10.837712 -0.570311 0.25816 0.00050 0.25662 0.00050 0.25662 0.00050 0 0 0 0 3.70000e-02 -9999 -9999 -9999 -9999 -9999 -9999 -9999 -9999 999 999 999 999 999 999 999 999 999 999 53631.7812 13.47456 11.59894 10.05103 41.68147 ugri 53633.3203 0.4055 0.23151 0.42096 -4.37221e-02 4.33880e-02 21.10820 5.35286e-02 6.46725e-05 3.18847e-06 3.44386e-03 -7.63101e-07 -7.90298e-08 64 86.85037 3.02600e-02 0.164910 1 0 8 1 0.25659 0 1 0 40.56300 0 53632.6328 0 4.15000e-02 -3.15000e-02 0.14000 3.20000 0 6.56780e-05 21.09140 -9 -9
SN: 24 1 1 82N 3 0 15.763550 0.382833 0.13551 0.00050 0.13428 0.00050 0.13428 0.00050 0 0 0 0 3.50000e-02 -9999 -9999 -9999 -9999 -9999 -9999 -9999 -9999 999 999 999 999 999 999 999 999 999 999 53638.1250 46.90242 40.74101 25.52645 132.42039 ugri 53638.8672 0.1511 0.39082 0.12360 0.11360 2.58029e-02 20.03959 3.66560e-02 1.73046e-04 5.84229e-06 2.26005e-04 -1.16601e-07 -1.20193e-07 64 55.89434 0.75476 0.400455 1 0 26 1 0.13401 0 1 0 38.99840 0 53638.9219 0 0.20640 6.27000e-02 0.14000 3.20000 0 2.14790e-04 19.80500 -9 -9
SN: 39 1 1 82S 3 0 -1.142077 1.022639 0.16040 0.00050 0.15900 0.00050 0.15900 0.00050 0 0 0 0 3.00000e-02 -9999 -9999 -9999 -9999 -9999 -9999 -9999 -9999 999 999 999 999 999 999 999 999 999 999 53684.3672 33.26039 23.18397 16.13210 81.08193 ugri 53684.0469 0.1822 -9.39786e-01 0.21042 0.12910 3.11729e-02 20.42805 3.94807e-02 1.20998e-04 4.39986e-06 1.06827e-03 -2.45103e-07 -1.00634e-07 36 21.39147 0.97445 0.532268 1 0 42 1 0.15810 0 1 0 39.38990 0 53683.8906 0 -1.06690e+00 0.14400 0.14000 3.20000 0 9.99900e-05 20.63510 -9 -9
SN: 42 1 1 82N 3 0 -37.635410 0.750815 0.27524 0.00050 0.27383 0.00050 0.27383 0.00050 0 0 0 0 4.50000e-02 -9999 -9999 -9999 -9999 -9999 -9999 -9999 -9999 999 999 999 999 999 999 999 999 999 999 53637.1406 15.00056 13.54649 7.75575 39.80372 gri 53638.6289 0.4966 0.13572 0.43261 -5.95090e-02 4.64047e-02 21.17092 5.18031e-02 6.10427e-05 2.91250e-06 1.75976e-03 -5.90391e-07 -6.55058e-08 56 66.02598 0.16897 0.203457 1 0 45 1 0.27298 0 1 0 40.71590 0 53638.5430 0 -2.11000e-01 -7.74000e-02 0.14000 3.20000 0 6.32310e-05 21.13270 -9 -9
SN: 44 1 1 82S 3 0 20.388422 -1.154387 0.12202 0.00050 0.12087 0.00050 0.12087 0.00050 0 0 0 0 4.00000e-02 -9999 -9999 -9999 -9999 -9999 -9999 -9999 -9999 999 999 999 999 999 999 999 999 999 999 53672.3438 67.67400 58.48130 33.29613 212.53943 ugri 53671.9258 0.1275 -1.06190e-01 0.12923 -4.51547e-02 2.18038e-02 19.29570 3.39858e-02 3.43337e-04 1.07471e-05 3.32570e-04 -1.65688e-07 -1.78324e-07 44 42.93112 0.51739 0.154622 1 0 47 1 0.12008 0 1 0 38.74070 0 53672.1055 0 -2.69200e-01 2.50000e-03 0.14000 3.20000 0 3.05790e-04 19.42140 -9 -9
SN: 48 1 1 82S 3 0 29.163408 -1.194847 0.18327 0.00050 0.18218 0.00050 0.18218 0.00050 0 0 0 0 2.80000e-02 -9999 -9999 -9999 -9999 -9999 -9999 -9999 -9999 999 999 999 999 999 999 999 999 999 999 53628.1289 15.71324 15.34950 11.39102 47.11634 ugri 53629.3633 0.4170 -2.99954e-01 0.46806 0.20393 4.09918e-02 20.95562 5.23208e-02 7.44309e-05 3.58677e-06 2.17897e-03 -8.04280e-07 -1.03953e-07 56 45.46619 0.84172 0.687084 1 0 51 1 0.18249 0 1 0 39.73250 0 53628.9570 0 0.13570 0.19590 0.14000 3.20000 0 7.30930e-05 20.97530 -9 -9
SN: 52 1 1 82S 3 0 25.963047 -0.362619 0.20269 0.00050 0.20154 0.00050 0.20154 0.00050 0 0 0 0 2.90000e-02 -9999 -9999 -9999 -9999 -9999 -9999 -9999 -9999 999 999 999 999 999 999 999 999 999 999 53686.2344 29.07443 17.75078 12.80612 65.44218 ugri 53685.9883 0.2463 -2.46585e+00 0.24874 -1.20534e-01 3.12277e-02 20.57964 3.76795e-02 1.05231e-04 3.65194e-06 9.80244e-04 -2.29791e-07 -6.36755e-08 40 20.86127 0.99459 0.914895 1 0 55 1 0.20162 0 1 0 39.97310 0 53685.8906 0 -2.45330e+00 -1.43900e-01 0.14000 3.20000 0 1.14160e-04 20.49120 -9 -9
SN: 57 1 1 82N 3 0 -10.063526 -1.011573 0.36033 0.00050 0.35868 0.00050 0.35868 0.00050 0 0 0 0 3.70000e-02 -9999 -9999 -9999 -9999 -9999 -9999 -9999 -9999 999 999 999 999 999 999 999 999 999 999 53674.0000 9.79749 8.59834 7.08953 32.43516 griz 53674.4023 0.0738 0.75831 0.79574 -5.85375e-02 5.14784e-02 21.69255 5.44951e-02 3.77554e-05 1.89501e-06 1.21934e-02 -8.24497e-07 -3.87629e-08 48 68.45044 2.78170e-02 0.319321 1 0 60 1 0.35867 0 1 0 41.40040 0 53674.8516 0 0.39670 -9.26000e-02 0.14000 3.20000 0 3.80670e-05 21.68360 -9 -9
SN: 63 1 1 82S 3 0 4.878895 -0.653530 0.25635 0.00050 0.25488 0.00050 0.25488 0.00050 0 0 0 0 2.90000e-02 -9999 -9999 -9999 -9999 -9999 -9999 -9999 -9999 999 999 999 999 999 999 999 999 999 999 53654.6250 12.59560 10.09943 8.05003 37.41637 ugri 53655.5469 0.4431 4.74893e-02 0.37383 -2.34883e-02 5.06391e-02 20.99463 6.83626e-02 7.18039e-05 4.52108e-06 6.74389e-03 -1.14626e-06 -1.52886e-07 52 57.42533 0.28115 0.079879 1 0 66 1 0.25457 0 1 0 40.54340 0 53656.0664 0 0.24500 -1.81000e-02 0.14000 3.20000 0 6.60090e-05 21.08600 -9 -9
SN: 67 1 1 82N 3 0 -34.672668 1.132354 0.17838 0.00050 0.17704 0.00050 0.17704 0.00050 0 0 0 0 5.10000e-02 -9999 -9999 -9999 -9999 -9999 -9999 -9999 -9999 999 999 999 999 999 999 999 999 999 999 53669.1328 53.04869 39.93724 21.31651 154.78098 ugri 53669.1875 0.2022 0.98588 0.19050 -6.52012e-02 2.33669e-02 19.81540 3.71759e-02 2.12734e-04 7.28409e-06 4.88892e-04 -2.53516e-07 -1.19106e-07 52 48.05969 0.62958 0.393994 1 0 70 1 0.17635 0 1 0 39.65080 0 53669.2617 0 1.04850 -9.04000e-02 0.14000 3.20000 0 2.06100e-04 19.84980 -9 -9
SN: 81 1 1 82N 3 0 -6.880245 1.189756 0.25808 0.00050 0.25655 0.00050 0.25655 0.00050 0 0 0 0 5.00000e-02 -9999 -9999 -9999 -9999 -9999 -9999 -9999 -9999 999 999 999 999 999 999 999 999 999 999 53622.4688 12.63764 11.04706 10.31331 38.62578 ugri 53622.2344 0.9396 0.56732 0.68873 0.10990 3.72294e-02 21.26324 5.27573e-02 5.60668e-05 2.72435e-06 3.78096e-03 -7.54837e-07 -5.42926e-08 68 75.49852 0.24905 0.412260 1 0 86 1 0.25657 0 1 0 40.56280 0 53623.1562 0 -3.14100e-01 5.17000e-02 0.14000 3.20000 0 4.91000e-05 21.40730 -9 -9
SN: 85 1 1 82N+82S 3 0 40.094261 0.631247 0.39674 0.00050 0.39569 0.00050 0.39569 0.00050 0 0 0 0 3.50000e-02 -9999 -9999 -9999 -9999 -9999 -9999 -9999 -9999 999 999 999 999 999 999 999 999 999 999 53639.9336 12.08729 9.70210 6.34729 42.91986 griz 53641.5977 0.4796 -4.05886e-01 0.35225 -2.16422e-01 4.00300e-02 21.69479 4.22563e-02 3.76777e-05 1.46640e-06 1.95255e-03 -2.11992e-07 -1.23957e-08 176 131.25414 0.99516 0.733982 1 0 90 1 0.39620 0 1 0 41.65250 0 53641.2773 0 -3.22800e-01 -2.10400e-01 0.14000 3.20000 0 3.89230e-05 21.65950 -9 -9
SN: 98 1 1 82S 3 0 58.449692 0.074579 0.17022 0.00050 0.16975 0.00050 0.16975 0.00050 0 0 0 0 0.33800 -9999 -9999 -9999 -9999 -9999 -9999 -9999 -9999 999 999 999 999 999 999 999 999 999 999 53689.7930 31.13466 24.48010 14.46477 83.25845 ugri 53689.5586 0.2039 0.16665 0.42807 -2.36655e-01 5.01461e-02 19.30592 0.16752 3.40121e-04 5.24792e-05 4.31773e-03 -2.33562e-06 -2.30658e-06 28 22.89153 0.73845 0.790804 1 0 104 1 0.16893 0 1 0 39.54630 0 53689.8203 0 0.16890 -2.19600e-01 0.14000 3.20000 0 2.96530e-04 19.45480 -9 -9
